[38;2;0;0;0m [38;2;0;0;0m [38;2;0;0;0m [38;2;0;0;0m [38;2;0;0;0m [38;2;0;0;0m [38;2;0;0;0m [38;2;0;0;0m [38;2;0;0;0m [38;2;0;0;0m [38;2;0;0;0m [38;2;0;0;0m [38;2;0;0;0m [38;2;0;0;0m [38;2;0;0;0m [38;2;0;0;0m [38;2;0;0;0m [38;2;0;0;0m [38;2;0;0;0m [38;2;0;0;0m [38;2;0;0;0m [38;2;0;0;0m [38;2;0;0;0m [38;2;0;0;0m [38;2;0;0;0m [38;2;0;0;0m [38;2;0;0;0m [38;2;0;0;0m [38;2;0;0;0m [38;2;0;0;0m [38;2;0;0;0m [38;2;0;0;0m [38;2;0;0;0m [38;2;0;0;0m [38;2;0;0;0m [38;2;0;0;0m [38;2;0;0;0m [38;2;0;0;0m [38;2;0;0;0m [38;2;0;0;0m [38;2;0;0;0m [38;2;0;0;0m [38;2;0;0;0m [38;2;0;0;0m [38;2;0;0;0m [38;2;0;0;0m [38;2;0;0;0m [38;2;0;0;0m [38;2;0;0;0m [38;2;0;0;0m [38;2;0;0;0m [38;2;0;0;0m [38;2;0;0;0m [38;2;0;0;0m [38;2;0;0;0m [38;2;0;0;0m [38;2;0;0;0m [38;2;0;0;0m [38;2;0;0;0m [38;2;0;0;0m [38;2;0;0;0m [38;2;0;0;0m [38;2;0;0;0m [38;2;0;0;0m [38;2;0;0;0m [38;2;0;0;0m [38;2;0;0;0m [38;2;0;0;0m [38;2;0;0;0m [38;2;0;0;0m [38;2;0;0;0m [38;2;0;0;0m [38;2;0;0;0m [38;2;0;0;0m [38;2;0;0;0m [38;2;0;0;0m [38;2;0;0;0m [38;2;0;0;0m [38;2;0;0;0m [38;2;0;0;0m [38;2;0;0;0m [38;2;0;0;0m [38;2;0;0;0m [38;2;0;0;0m [38;2;0;0;0m [38;2;0;0;0m [38;2;0;0;0m [38;2;0;0;0m [38;2;0;0;0m [38;2;0;0;0m [38;2;0;0;0m [38;2;0;0;0m [38;2;0;0;0m [38;2;0;0;0m [38;2;0;0;0m [38;2;0;0;0m [38;2;0;0;0m [38;2;0;0;0m [38;2;0;0;0m [38;2;0;0;0m [38;2;0;0;0m [38;2;0;0;0m [38;2;0;0;0m [38;2;0;0;0m [38;2;0;0;0m [38;2;0;0;0m [38;2;0;0;0m [38;2;0;0;0m [38;2;0;0;0m [38;2;0;0;0m [38;2;0;0;0m [38;2;0;0;0m [38;2;0;0;0m [38;2;0;0;0m [38;2;0;0;0m [38;2;0;0;0m [38;2;0;0;0m [38;2;0;0;0m [38;2;0;0;0m [38;2;0;0;0m [38;2;0;0;0m [38;2;0;0;0m [38;2;0;0;0m [38;2;0;0;0m [38;2;0;0;0m [38;2;0;0;0m [38;2;0;0;0m [38;2;0;0;0m [38;2;0;0;0m [38;2;0;0;0m [38;2;0;0;0m [38;2;0;0;0m [38;2;0;0;0m [38;2;0;0;0m [38;2;0;0;0m [38;2;0;0;0m [38;2;0;0;0m [38;2;0;0;0m [38;2;0;0;0m [38;2;0;0;0m [38;2;0;0;0m [38;2;0;0;0m [38;2;0;0;0m [38;2;0;0;0m [38;2;0;0;0m [38;2;0;0;0m [38;2;0;0;0m [38;2;0;0;0m [38;2;0;0;0m [38;2;0;0;0m [38;2;0;0;0m [38;2;0;0;0m [38;2;0;0;0m [38;2;0;0;0m [38;2;0;0;0m [38;2;0;0;0m [38;2;0;0;0m [38;2;0;0;0m [38;2;0;0;0m [38;2;0;0;0m [38;2;0;0;0m [38;2;0;0;0m [38;2;0;0;0m [38;2;0;0;0m [38;2;0;0;0m [38;2;0;0;0m [38;2;0;0;0m [38;2;0;0;0m [38;2;0;0;0m [38;2;0;0;0m [38;2;0;0;0m [38;2;0;0;0m [38;2;0;0;0m [38;2;0;0;0m [38;2;0;0;0m [38;2;0;0;0m [38;2;0;0;0m [38;2;0;0;0m [38;2;0;0;0m [38;2;0;0;0m [38;2;0;0;0m [38;2;0;0;0m [38;2;0;0;0m [38;2;0;0;0m [38;2;0;0;0m [38;2;0;0;0m [38;2;0;0;0m [38;2;0;0;0m [38;2;0;0;0m [38;2;0;0;0m [38;2;0;0;0m [38;2;0;0;0m [38;2;0;0;0m [38;2;0;0;0m [38;2;0;0;0m [38;2;0;0;0m [38;2;0;0;0m [38;2;0;0;0m [38;2;0;0;0m [38;2;0;0;0m [0m
[38;2;0;0;0m [38;2;0;0;0m [38;2;0;0;0m [38;2;0;0;0m [38;2;0;0;0m [38;2;0;0;0m [38;2;0;0;0m [38;2;0;0;0m [38;2;0;0;0m [38;2;0;0;0m [38;2;0;0;0m [38;2;0;0;0m [38;2;0;0;0m [38;2;0;0;0m [38;2;0;0;0m [38;2;0;0;0m [38;2;0;0;0m [38;2;0;0;0m [38;2;0;0;0m [38;2;0;0;0m [38;2;0;0;0m [38;2;0;0;0m [38;2;0;0;0m [38;2;0;0;0m [38;2;0;0;0m [38;2;0;0;0m [38;2;0;0;0m [38;2;0;0;0m [38;2;0;0;0m [38;2;0;0;0m [38;2;0;0;0m [38;2;0;0;0m [38;2;0;0;0m [38;2;0;0;0m [38;2;0;0;0m [38;2;0;0;0m [38;2;0;0;0m [38;2;0;0;0m [38;2;0;0;0m [38;2;0;0;0m [38;2;3;3;3m [38;2;2;2;2m [38;2;0;0;0m [38;2;0;0;0m [38;2;0;0;0m [38;2;0;0;0m [38;2;0;0;0m [38;2;0;0;0m [38;2;0;0;0m [38;2;0;0;0m [38;2;0;0;0m [38;2;0;0;0m [38;2;0;0;0m [38;2;0;0;0m [38;2;0;0;0m [38;2;0;0;0m [38;2;0;0;0m [38;2;0;0;0m [38;2;0;0;0m [38;2;0;0;0m [38;2;0;0;0m [38;2;0;0;0m [38;2;0;0;0m [38;2;0;0;0m [38;2;0;0;0m [38;2;0;0;0m [38;2;0;0;0m [38;2;0;0;0m [38;2;0;0;0m [38;2;0;0;0m [38;2;0;0;0m [38;2;0;0;0m [38;2;0;0;0m [38;2;0;0;0m [38;2;0;0;0m [38;2;0;0;0m [38;2;0;0;0m [38;2;0;0;0m [38;2;0;0;0m [38;2;0;0;0m [38;2;0;0;0m [38;2;0;0;0m [38;2;0;0;0m [38;2;0;0;0m [38;2;0;0;0m [38;2;0;0;0m [38;2;0;0;0m [38;2;0;0;0m [38;2;0;0;0m [38;2;0;0;0m [38;2;0;0;0m [38;2;0;0;0m [38;2;0;0;0m [38;2;0;0;0m [38;2;0;0;0m [38;2;0;0;0m [38;2;0;0;0m [38;2;0;0;0m [38;2;0;0;0m [38;2;0;0;0m [38;2;0;0;0m [38;2;0;0;0m [38;2;0;0;0m [38;2;0;0;0m [38;2;0;0;0m [38;2;0;0;0m [38;2;0;0;0m [38;2;0;0;0m [38;2;0;0;0m [38;2;0;0;0m [38;2;0;0;0m [38;2;0;0;0m [38;2;0;0;0m [38;2;0;0;0m [38;2;0;0;0m [38;2;0;0;0m [38;2;0;0;0m [38;2;0;0;0m [38;2;0;0;0m [38;2;0;0;0m [38;2;0;0;0m [38;2;0;0;0m [38;2;0;0;0m [38;2;0;0;0m [38;2;0;0;0m [38;2;0;0;0m [38;2;0;0;0m [38;2;0;0;0m [38;2;0;0;0m [38;2;0;0;0m [38;2;0;0;0m [38;2;0;0;0m [38;2;0;0;0m [38;2;0;0;0m [38;2;0;0;0m [38;2;0;0;0m [38;2;0;0;0m [38;2;0;0;0m [38;2;0;0;0m [38;2;0;0;0m [38;2;0;0;0m [38;2;0;0;0m [38;2;0;0;0m [38;2;0;0;0m [38;2;0;0;0m [38;2;0;0;0m [38;2;0;0;0m [38;2;0;0;0m [38;2;0;0;0m [38;2;0;0;0m [38;2;0;0;0m [38;2;0;0;0m [38;2;0;0;0m [38;2;0;0;0m [38;2;0;0;0m [38;2;0;0;0m [38;2;0;0;0m [38;2;0;0;0m [38;2;0;0;0m [38;2;0;0;0m [38;2;0;0;0m [38;2;0;0;0m [38;2;0;0;0m [38;2;0;0;0m [38;2;0;0;0m [38;2;0;0;0m [38;2;0;0;0m [38;2;0;0;0m [38;2;0;0;0m [38;2;0;0;0m [38;2;0;0;0m [38;2;0;0;0m [38;2;0;0;0m [38;2;0;0;0m [38;2;0;0;0m [38;2;0;0;0m [38;2;0;0;0m [38;2;0;0;0m [38;2;0;0;0m [38;2;0;0;0m [38;2;0;0;0m [38;2;0;0;0m [38;2;0;0;0m [38;2;0;0;0m [38;2;0;0;0m [38;2;0;0;0m [38;2;0;0;0m [38;2;0;0;0m [38;2;0;0;0m [38;2;0;0;0m [38;2;0;0;0m [38;2;0;0;0m [38;2;0;0;0m [38;2;0;0;0m [38;2;0;0;0m [38;2;0;0;0m [38;2;0;0;0m [38;2;0;0;0m [38;2;0;0;0m [38;2;0;0;0m [0m
[38;2;0;0;0m [38;2;0;0;0m [38;2;0;0;0m [38;2;0;0;0m [38;2;0;0;0m [38;2;0;0;0m [38;2;0;0;0m [38;2;0;0;0m [38;2;0;0;0m [38;2;0;0;0m [38;2;0;0;0m [38;2;0;0;0m [38;2;0;0;0m [38;2;0;0;0m [38;2;0;0;0m [38;2;0;0;0m [38;2;0;0;0m [38;2;0;0;0m [38;2;0;0;0m [38;2;0;0;0m [38;2;0;0;0m [38;2;0;0;0m [38;2;0;0;0m [38;2;0;0;0m [38;2;0;0;0m [38;2;0;0;0m [38;2;0;0;0m [38;2;0;0;0m [38;2;0;0;0m [38;2;0;0;0m [38;2;0;0;0m [38;2;0;0;0m [38;2;0;0;0m [38;2;0;0;0m [38;2;0;0;0m [38;2;0;0;0m [38;2;52;62;62mJ[38;2;159;190;190mM[38;2;160;192;192mM[38;2;161;193;193mM[38;2;189;227;227mM[38;2;188;225;225mM[38;2;166;198;198mM[38;2;132;157;157m%[38;2;57;67;67mL[38;2;0;0;0m [38;2;0;0;0m [38;2;0;0;0m [38;2;0;0;0m [38;2;0;0;0m [38;2;0;0;0m [38;2;0;0;0m [38;2;0;0;0m [38;2;0;0;0m [38;2;0;0;0m [38;2;0;0;0m [38;2;0;0;0m [38;2;0;0;0m [38;2;54;64;64mJ[38;2;164;195;195mM[38;2;176;211;211mM[38;2;165;197;197mM[38;2;140;167;167mM[38;2;76;90;90mL[38;2;3;3;3m [38;2;0;0;0m [38;2;0;0;0m [38;2;0;0;0m [38;2;0;0;0m [38;2;0;0;0m [38;2;0;0;0m [38;2;0;0;0m [38;2;0;0;0m [38;2;0;0;0m [38;2;0;0;0m [38;2;0;0;0m [38;2;0;0;0m [38;2;0;0;0m [38;2;0;0;0m [38;2;0;0;0m [38;2;0;0;0m [38;2;0;0;0m [38;2;0;0;0m [38;2;0;0;0m [38;2;0;0;0m [38;2;0;0;0m [38;2;0;0;0m [38;2;0;0;0m [38;2;0;0;0m [38;2;0;0;0m [38;2;0;0;0m [38;2;0;0;0m [38;2;0;0;0m [38;2;0;0;0m [38;2;0;0;0m [38;2;0;0;0m [38;2;0;0;0m [38;2;0;0;0m [38;2;0;0;0m [38;2;0;0;0m [38;2;0;0;0m [38;2;0;0;0m [38;2;0;0;0m [38;2;0;0;0m [38;2;0;0;0m [38;2;0;0;0m [38;2;0;0;0m [38;2;0;0;0m [38;2;0;0;0m [38;2;0;0;0m [38;2;0;0;0m [38;2;0;0;0m [38;2;0;0;0m [38;2;0;0;0m [38;2;0;0;0m [38;2;0;0;0m [38;2;0;0;0m [38;2;0;0;0m [38;2;0;0;0m [38;2;0;0;0m [38;2;0;0;0m [38;2;0;0;0m [38;2;0;0;0m [38;2;0;0;0m [38;2;0;0;0m [38;2;0;0;0m [38;2;0;0;0m [38;2;0;0;0m [38;2;0;0;0m [38;2;0;0;0m [38;2;0;0;0m [38;2;0;0;0m [38;2;0;0;0m [38;2;0;0;0m [38;2;0;0;0m [38;2;0;0;0m [38;2;0;0;0m [38;2;0;0;0m [38;2;0;0;0m [38;2;0;0;0m [38;2;0;0;0m [38;2;0;0;0m [38;2;0;0;0m [38;2;0;0;0m [38;2;0;0;0m [38;2;0;0;0m [38;2;0;0;0m [38;2;0;0;0m [38;2;0;0;0m [38;2;0;0;0m [38;2;0;0;0m [38;2;0;0;0m [38;2;0;0;0m [38;2;0;0;0m [38;2;0;0;0m [38;2;0;0;0m [38;2;0;0;0m [38;2;15;17;17m [38;2;120;142;142m4[38;2;170;203;203mM[38;2;164;196;196mM[38;2;154;184;184mM[38;2;140;167;167mM[38;2;131;158;158mW[38;2;121;144;144m%[38;2;108;128;128mg[38;2;4;5;5m.[38;2;0;0;0m [38;2;0;0;0m [38;2;0;0;0m [38;2;0;0;0m [38;2;11;12;12m [38;2;114;135;135m4[38;2;169;202;202mM[38;2;165;197;197mM[38;2;155;186;186mM[38;2;140;167;167mM[38;2;132;158;158mW[38;2;122;144;144m%[38;2;112;134;134mg[38;2;8;9;9m:[38;2;0;0;0m [38;2;0;0;0m [38;2;0;0;0m [38;2;0;0;0m [38;2;0;0;0m [38;2;0;0;0m [38;2;0;0;0m [38;2;0;0;0m [38;2;0;0;0m [38;2;0;0;0m [38;2;0;0;0m [38;2;0;0;0m [38;2;0;0;0m [38;2;0;0;0m [38;2;0;0;0m [38;2;0;0;0m [38;2;0;0;0m [38;2;0;0;0m [38;2;0;0;0m [0m
[38;2;0;0;0m [38;2;0;0;0m [38;2;0;0;0m [38;2;0;0;0m [38;2;0;0;0m [38;2;0;0;0m [38;2;0;0;0m [38;2;0;0;0m [38;2;0;0;0m [38;2;0;0;0m [38;2;0;0;0m [38;2;0;0;0m [38;2;0;0;0m [38;2;0;0;0m [38;2;0;0;0m [38;2;0;0;0m [38;2;0;0;0m [38;2;0;0;0m [38;2;0;0;0m [38;2;0;0;0m [38;2;0;0;0m [38;2;0;0;0m [38;2;0;0;0m [38;2;0;0;0m [38;2;0;0;0m [38;2;0;0;0m [38;2;0;0;0m [38;2;0;0;0m [38;2;0;0;0m [38;2;0;0;0m [38;2;0;0;0m [38;2;0;0;0m [38;2;0;0;0m [38;2;0;0;0m [38;2;0;0;0m [38;2;0;0;0m [38;2;21;25;25m [38;2;95;114;114mJ[38;2;128;153;153mN[38;2;132;158;158m%[38;2;133;158;158mN[38;2;193;231;231mM[38;2;200;241;241mM[38;2;200;241;241mM[38;2;152;180;180m$[38;2;0;0;0m [38;2;0;0;0m [38;2;0;0;0m [38;2;0;0;0m [38;2;0;0;0m [38;2;0;0;0m [38;2;0;0;0m [38;2;0;0;0m [38;2;0;0;0m [38;2;0;0;0m [38;2;0;0;0m [38;2;0;0;0m [38;2;0;0;0m [38;2;28;33;33m-[38;2;113;135;135m4[38;2;170;203;203mW[38;2;199;240;240mM[38;2;200;241;241mM[38;2;200;241;241mM[38;2;74;86;86m][38;2;0;0;0m [38;2;0;0;0m [38;2;0;0;0m [38;2;0;0;0m [38;2;0;0;0m [38;2;0;0;0m [38;2;0;0;0m [38;2;0;0;0m [38;2;0;0;0m [38;2;0;0;0m [38;2;0;0;0m [38;2;0;0;0m [38;2;0;0;0m [38;2;0;0;0m [38;2;0;0;0m [38;2;0;0;0m [38;2;0;0;0m [38;2;0;0;0m [38;2;0;0;0m [38;2;0;0;0m [38;2;0;0;0m [38;2;0;0;0m [38;2;0;0;0m [38;2;0;0;0m [38;2;0;0;0m [38;2;0;0;0m [38;2;0;0;0m [38;2;0;0;0m [38;2;0;0;0m [38;2;0;0;0m [38;2;0;0;0m [38;2;0;0;0m [38;2;0;0;0m [38;2;0;0;0m [38;2;0;0;0m [38;2;0;0;0m [38;2;0;0;0m [38;2;0;0;0m [38;2;0;0;0m [38;2;0;0;0m [38;2;0;0;0m [38;2;0;0;0m [38;2;0;0;0m [38;2;0;0;0m [38;2;0;0;0m [38;2;0;0;0m [38;2;0;0;0m [38;2;0;0;0m [38;2;0;0;0m [38;2;0;0;0m [38;2;0;0;0m [38;2;0;0;0m [38;2;0;0;0m [38;2;0;0;0m [38;2;0;0;0m [38;2;0;0;0m [38;2;0;0;0m [38;2;0;0;0m [38;2;0;0;0m [38;2;0;0;0m [38;2;0;0;0m [38;2;0;0;0m [38;2;0;0;0m [38;2;0;0;0m [38;2;0;0;0m [38;2;0;0;0m [38;2;0;0;0m [38;2;0;0;0m [38;2;0;0;0m [38;2;0;0;0m [38;2;0;0;0m [38;2;0;0;0m [38;2;0;0;0m [38;2;0;0;0m [38;2;0;0;0m [38;2;0;0;0m [38;2;0;0;0m [38;2;0;0;0m [38;2;0;0;0m [38;2;0;0;0m [38;2;0;0;0m [38;2;0;0;0m [38;2;0;0;0m [38;2;0;0;0m [38;2;0;0;0m [38;2;0;0;0m [38;2;0;0;0m [38;2;0;0;0m [38;2;0;0;0m [38;2;0;0;0m [38;2;0;0;0m [38;2;0;0;0m [38;2;0;0;0m [38;2;49;58;58m-[38;2;130;155;155mN[38;2;160;192;192mM[38;2;178;213;213mM[38;2;186;224;224mM[38;2;200;241;241mM[38;2;200;241;241mM[38;2;191;229;229mM[38;2;15;16;16m'[38;2;0;0;0m [38;2;0;0;0m [38;2;0;0;0m [38;2;0;0;0m [38;2;0;0;0m [38;2;43;51;51m-[38;2;127;151;151mN[38;2;159;190;190mW[38;2;177;213;213mM[38;2;185;222;222mM[38;2;200;241;241mM[38;2;200;241;241mM[38;2;196;235;235mM[38;2;23;25;25m;[38;2;0;0;0m [38;2;0;0;0m [38;2;0;0;0m [38;2;0;0;0m [38;2;0;0;0m [38;2;0;0;0m [38;2;0;0;0m [38;2;0;0;0m [38;2;0;0;0m [38;2;0;0;0m [38;2;0;0;0m [38;2;0;0;0m [38;2;0;0;0m [38;2;0;0;0m [38;2;0;0;0m [38;2;0;0;0m [38;2;0;0;0m [38;2;0;0;0m [38;2;0;0;0m [0m
[38;2;0;0;0m [38;2;0;0;0m [38;2;0;0;0m [38;2;0;0;0m [38;2;0;0;0m [38;2;0;0;0m [38;2;0;0;0m [38;2;56;65;65m~[38;2;104;124;124mV[38;2;114;136;136mR[38;2;115;137;137mm[38;2;95;113;113my[38;2;65;77;77m-[38;2;77;91;91m~[38;2;121;144;144mN[38;2;130;155;155m%[38;2;108;128;128mD[38;2;6;6;6m`[38;2;0;0;0m [38;2;0;0;0m [38;2;0;0;0m [38;2;3;3;3m [38;2;22;26;26m [38;2;46;54;54m [38;2;85;101;101m?[38;2;110;132;132mD[38;2;87;103;103mj[38;2;41;48;48m`[38;2;9;10;10m [38;2;0;0;0m [38;2;0;0;0m [38;2;0;0;0m [38;2;0;0;0m [38;2;0;0;0m [38;2;0;0;0m [38;2;30;34;34m [38;2;133;157;157m4[38;2;164;196;196mM[38;2;97;115;115mx[38;2;87;104;104mr[38;2;63;75;75m;[38;2;105;123;123mJ[38;2;200;241;241mM[38;2;200;241;241mM[38;2;106;124;124m][38;2;0;0;0m [38;2;0;0;0m [38;2;0;0;0m [38;2;0;0;0m [38;2;0;0;0m [38;2;0;0;0m [38;2;0;0;0m [38;2;0;0;0m [38;2;0;0;0m [38;2;0;0;0m [38;2;0;0;0m [38;2;0;0;0m [38;2;0;0;0m [38;2;0;0;0m [38;2;0;0;0m [38;2;10;11;11m-[38;2;193;232;232mW[38;2;200;241;241mM[38;2;199;240;240mM[38;2;55;63;63m;[38;2;63;74;74m~[38;2;40;46;46m.[38;2;24;29;29m [38;2;44;51;51m [38;2;33;39;39m [38;2;18;21;21m [38;2;25;29;29m [38;2;23;26;26m [38;2;0;0;0m [38;2;0;0;0m [38;2;0;0;0m [38;2;0;0;0m [38;2;8;9;9m [38;2;25;28;28m [38;2;21;23;23m [38;2;1;1;1m [38;2;1;1;1m [38;2;21;24;24m [38;2;43;51;51m [38;2;45;53;53m [38;2;22;26;26m [38;2;1;1;1m [38;2;0;0;0m [38;2;0;0;0m [38;2;0;0;0m [38;2;0;0;0m [38;2;0;0;0m [38;2;0;0;0m [38;2;3;3;3m [38;2;23;26;26m [38;2;46;54;54m [38;2;85;101;101m?[38;2;110;132;132mD[38;2;87;103;103mj[38;2;41;48;48m`[38;2;9;10;10m [38;2;0;0;0m [38;2;0;0;0m [38;2;0;0;0m [38;2;14;16;16m [38;2;43;50;50m [38;2;27;31;31m [38;2;41;47;47m [38;2;37;44;44m [38;2;8;8;8m [38;2;0;0;0m [38;2;0;0;0m [38;2;0;0;0m [38;2;0;0;0m [38;2;0;0;0m [38;2;32;37;37m [38;2;50;59;59m`[38;2;24;28;28m [38;2;2;3;3m [38;2;0;0;0m [38;2;0;0;0m [38;2;0;0;0m [38;2;20;23;23m [38;2;59;70;70m-[38;2;73;86;86m_[38;2;69;81;81m_[38;2;65;78;78m-[38;2;62;74;74m-[38;2;60;72;72m.[38;2;58;69;69m`[38;2;26;30;30m`[38;2;0;0;0m [38;2;0;0;0m [38;2;0;0;0m [38;2;0;0;0m [38;2;0;0;0m [38;2;0;0;0m [38;2;0;0;0m [38;2;0;0;0m [38;2;0;0;0m [38;2;0;0;0m [38;2;0;0;0m [38;2;0;0;0m [38;2;0;0;0m [38;2;0;0;0m [38;2;2;2;2m [38;2;33;38;38m [38;2;93;111;111mJ[38;2;110;132;132md[38;2;120;142;142mB[38;2;116;138;138mm[38;2;94;111;111m[[38;2;40;46;46m:[38;2;0;0;0m [38;2;0;0;0m [38;2;0;0;0m [38;2;0;0;0m [38;2;0;0;0m [38;2;0;0;0m [38;2;0;0;0m [38;2;0;0;0m [38;2;0;0;0m [38;2;9;11;11m [38;2;169;202;202mN[38;2;200;241;241mM[38;2;200;240;240mM[38;2;32;37;37m;[38;2;0;0;0m [38;2;0;0;0m [38;2;0;0;0m [38;2;0;0;0m [38;2;0;0;0m [38;2;0;0;0m [38;2;0;0;0m [38;2;0;0;0m [38;2;0;0;0m [38;2;6;7;7m [38;2;160;190;190mN[38;2;200;241;241mM[38;2;200;241;241mM[38;2;44;52;52mL[38;2;0;0;0m [38;2;0;0;0m [38;2;0;0;0m [38;2;0;0;0m [38;2;0;0;0m [38;2;0;0;0m [38;2;0;0;0m [38;2;0;0;0m [38;2;0;0;0m [38;2;0;0;0m [38;2;0;0;0m [38;2;0;0;0m [38;2;0;0;0m [38;2;0;0;0m [38;2;0;0;0m [38;2;0;0;0m [38;2;0;0;0m [38;2;0;0;0m [38;2;0;0;0m [0m
[38;2;0;0;0m [38;2;0;0;0m [38;2;0;0;0m [38;2;0;0;0m [38;2;0;0;0m [38;2;27;31;31m [38;2;142;169;169mN[38;2;199;239;239mM[38;2;200;241;241mM[38;2;198;238;238mM[38;2;188;225;225mM[38;2;200;241;241mM[38;2;200;241;241mM[38;2;200;241;241mM[38;2;200;241;241mM[38;2;200;241;241mM[38;2;200;241;241mM[38;2;153;182;182m$[38;2;2;3;3m.[38;2;1;1;1m [38;2;79;92;92mJ[38;2;179;215;215mM[38;2;200;241;241mM[38;2;200;241;241mM[38;2;200;241;241mM[38;2;200;241;241mM[38;2;200;241;241mM[38;2;200;241;241mM[38;2;196;235;235mM[38;2;141;168;168m$[38;2;17;19;19m.[38;2;0;0;0m [38;2;0;0;0m [38;2;56;65;65mJ[38;2;164;195;195mW[38;2;198;238;238mM[38;2;200;241;241mM[38;2;185;221;221mM[38;2;187;224;224mM[38;2;192;229;229mM[38;2;197;236;236mM[38;2;200;241;241mM[38;2;200;241;241mM[38;2;200;241;241mM[38;2;64;75;75mL[38;2;0;0;0m [38;2;0;0;0m [38;2;0;0;0m [38;2;0;0;0m [38;2;0;0;0m [38;2;0;0;0m [38;2;0;0;0m [38;2;0;0;0m [38;2;0;0;0m [38;2;0;0;0m [38;2;0;0;0m [38;2;0;0;0m [38;2;0;0;0m [38;2;0;0;0m [38;2;0;0;0m [38;2;7;8;8m [38;2;192;231;231mW[38;2;200;241;241mM[38;2;194;233;233mM[38;2;106;124;124mw[38;2;158;189;189mW[38;2;200;241;241mM[38;2;200;241;241mM[38;2;200;241;241mM[38;2;198;237;237mM[38;2;197;236;236mM[38;2;179;215;215mM[38;2;110;129;129m5[38;2;0;0;0m [38;2;0;0;0m [38;2;24;27;27m-[38;2;151;180;180mW[38;2;195;234;234mM[38;2;200;241;241mM[38;2;199;240;240mM[38;2;174;208;208mM[38;2;176;210;210mM[38;2;199;240;240mM[38;2;200;241;241mM[38;2;200;241;241mM[38;2;199;240;240mM[38;2;174;208;208mM[38;2;77;90;90m][38;2;0;0;0m [38;2;0;0;0m [38;2;0;0;0m [38;2;1;1;1m [38;2;80;94;94mJ[38;2;180;216;216mM[38;2;200;241;241mM[38;2;200;241;241mM[38;2;200;241;241mM[38;2;200;241;241mM[38;2;200;241;241mM[38;2;200;241;241mM[38;2;195;235;235mM[38;2;140;167;167m$[38;2;16;18;18m.[38;2;5;5;5m [38;2;174;208;208mN[38;2;200;241;241mM[38;2;200;241;241mM[38;2;200;241;241mM[38;2;200;241;241mM[38;2;180;214;214mM[38;2;32;36;36m_[38;2;161;192;192mW[38;2;119;141;141m6[38;2;10;11;11m [38;2;0;0;0m [38;2;159;189;189m4[38;2;200;241;241mM[38;2;200;241;241mM[38;2;175;208;208mM[38;2;10;11;11m'[38;2;14;16;16m-[38;2;151;181;181mN[38;2;198;238;238mM[38;2;200;241;241mM[38;2;196;236;236mM[38;2;194;233;233mM[38;2;199;240;240mM[38;2;200;241;241mM[38;2;200;241;241mM[38;2;200;241;241mM[38;2;149;177;177m6[38;2;1;1;1m [38;2;0;0;0m [38;2;0;0;0m [38;2;0;0;0m [38;2;0;0;0m [38;2;0;0;0m [38;2;0;0;0m [38;2;0;0;0m [38;2;0;0;0m [38;2;0;0;0m [38;2;0;0;0m [38;2;0;0;0m [38;2;0;0;0m [38;2;4;4;4m [38;2;127;150;150m4[38;2;200;240;240mM[38;2;200;241;241mM[38;2;200;241;241mM[38;2;196;236;236mM[38;2;191;229;229mM[38;2;200;241;241mM[38;2;199;239;239mM[38;2;114;135;135mC[38;2;2;2;2m [38;2;0;0;0m [38;2;0;0;0m [38;2;0;0;0m [38;2;0;0;0m [38;2;0;0;0m [38;2;0;0;0m [38;2;0;0;0m [38;2;0;0;0m [38;2;120;142;142m4[38;2;200;241;241mM[38;2;195;235;235mM[38;2;25;29;29m;[38;2;0;0;0m [38;2;0;0;0m [38;2;0;0;0m [38;2;0;0;0m [38;2;0;0;0m [38;2;0;0;0m [38;2;0;0;0m [38;2;0;0;0m [38;2;0;0;0m [38;2;0;0;0m [38;2;108;126;126m4[38;2;200;241;241mM[38;2;198;238;238mM[38;2;36;41;41m;[38;2;0;0;0m [38;2;0;0;0m [38;2;0;0;0m [38;2;0;0;0m [38;2;0;0;0m [38;2;0;0;0m [38;2;0;0;0m [38;2;0;0;0m [38;2;0;0;0m [38;2;0;0;0m [38;2;0;0;0m [38;2;0;0;0m [38;2;0;0;0m [38;2;0;0;0m [38;2;0;0;0m [38;2;0;0;0m [38;2;0;0;0m [38;2;0;0;0m [38;2;0;0;0m [0m
[38;2;0;0;0m [38;2;0;0;0m [38;2;0;0;0m [38;2;0;0;0m [38;2;0;0;0m [38;2;119;141;141m4[38;2;200;241;241mM[38;2;200;241;241mM[38;2;152;181;181ma[38;2;28;33;33m`[38;2;3;3;3m [38;2;36;41;41m [38;2;180;215;215mN[38;2;200;241;241mM[38;2;191;229;229mM[38;2;97;115;115m|[38;2;66;78;78m,[38;2;20;24;24m [38;2;0;0;0m [38;2;66;78;78mJ[38;2;199;239;239mM[38;2;200;241;241mM[38;2;195;234;234mM[38;2;99;118;118m][38;2;56;66;66m`[38;2;46;55;55m [38;2;75;89;89m~[38;2;168;201;201mW[38;2;200;241;241mM[38;2;200;241;241mM[38;2;156;186;186m$[38;2;6;7;7m`[38;2;42;48;48m~[38;2;175;210;210mW[38;2;200;241;241mM[38;2;199;240;240mM[38;2;105;124;124m][38;2;9;10;10m [38;2;1;2;2m [38;2;2;2;2m [38;2;52;61;61m-[38;2;191;229;229mW[38;2;200;241;241mM[38;2;200;241;241mM[38;2;103;121;121m][38;2;8;9;9m [38;2;0;0;0m [38;2;0;0;0m [38;2;0;0;0m [38;2;0;0;0m [38;2;0;0;0m [38;2;0;0;0m [38;2;0;0;0m [38;2;0;0;0m [38;2;0;0;0m [38;2;0;0;0m [38;2;0;0;0m [38;2;0;0;0m [38;2;0;0;0m [38;2;0;0;0m [38;2;4;4;4m [38;2;187;223;223mW[38;2;200;241;241mM[38;2;174;207;207m$[38;2;14;15;15m`[38;2;92;108;108mJ[38;2;198;238;238mW[38;2;192;230;230mM[38;2;112;132;132mC[38;2;24;28;28m [38;2;11;12;12m [38;2;0;0;0m [38;2;0;0;0m [38;2;0;0;0m [38;2;0;0;0m [38;2;2;2;2m [38;2;62;73;73m~[38;2;163;196;196mW[38;2;200;241;241mM[38;2;200;241;241mM[38;2;200;241;241mM[38;2;200;241;241mM[38;2;167;199;199mM[38;2;72;85;85mL[38;2;80;95;95m<[38;2;175;210;210mW[38;2;200;241;241mM[38;2;176;210;210m$[38;2;17;19;19m:[38;2;0;0;0m [38;2;0;0;0m [38;2;68;80;80mJ[38;2;199;239;239mM[38;2;200;241;241mM[38;2;195;234;234mM[38;2;98;117;117m][38;2;56;66;66m`[38;2;46;55;55m [38;2;76;90;90m~[38;2;169;202;202mW[38;2;200;241;241mM[38;2;200;241;241mM[38;2;154;184;184m$[38;2;6;6;6m [38;2;31;37;37m [38;2;154;183;183m4[38;2;200;241;241mM[38;2;200;241;241mM[38;2;163;194;194m8[38;2;19;21;21m`[38;2;96;113;113mJ[38;2;200;241;241mM[38;2;200;241;241mM[38;2;94;111;111m][38;2;4;4;4m [38;2;177;213;213mN[38;2;200;241;241mM[38;2;186;222;222mM[38;2;67;79;79mL[38;2;0;0;0m [38;2;25;28;28m~[38;2;196;236;236mW[38;2;200;241;241mM[38;2;200;241;241mM[38;2;180;215;215m$[38;2;71;84;84m;[38;2;35;40;40m [38;2;123;146;146m4[38;2;196;235;235mM[38;2;200;241;241mM[38;2;153;183;183m6[38;2;1;1;1m [38;2;0;0;0m [38;2;0;0;0m [38;2;0;0;0m [38;2;0;0;0m [38;2;0;0;0m [38;2;0;0;0m [38;2;0;0;0m [38;2;0;0;0m [38;2;0;0;0m [38;2;0;0;0m [38;2;0;0;0m [38;2;0;0;0m [38;2;45;52;52mJ[38;2;194;233;233mM[38;2;200;241;241mM[38;2;165;196;196mC[38;2;39;46;46m [38;2;24;27;27m [38;2;104;122;122mJ[38;2;199;239;239mM[38;2;200;241;241mM[38;2;200;240;240mM[38;2;71;82;82m][38;2;0;0;0m [38;2;0;0;0m [38;2;0;0;0m [38;2;0;0;0m [38;2;0;0;0m [38;2;0;0;0m [38;2;0;0;0m [38;2;0;0;0m [38;2;115;135;135m4[38;2;200;241;241mM[38;2;200;241;241mM[38;2;59;67;67mL[38;2;0;0;0m [38;2;0;0;0m [38;2;0;0;0m [38;2;0;0;0m [38;2;0;0;0m [38;2;0;0;0m [38;2;0;0;0m [38;2;0;0;0m [38;2;0;0;0m [38;2;0;0;0m [38;2;102;120;120m4[38;2;200;241;241mM[38;2;200;241;241mM[38;2;72;83;83mL[38;2;0;0;0m [38;2;0;0;0m [38;2;0;0;0m [38;2;0;0;0m [38;2;0;0;0m [38;2;0;0;0m [38;2;0;0;0m [38;2;0;0;0m [38;2;0;0;0m [38;2;0;0;0m [38;2;0;0;0m [38;2;0;0;0m [38;2;0;0;0m [38;2;0;0;0m [38;2;0;0;0m [38;2;0;0;0m [38;2;0;0;0m [38;2;0;0;0m [38;2;0;0;0m [0m
[38;2;0;0;0m [38;2;0;0;0m [38;2;0;0;0m [38;2;0;0;0m [38;2;0;0;0m [38;2;151;180;180m4[38;2;200;241;241mM[38;2;200;241;241mM[38;2;180;215;215m$[38;2;44;50;50m.[38;2;40;46;46m [38;2;77;91;91mJ[38;2;193;232;232mM[38;2;198;239;239mM[38;2;124;146;146mC[38;2;0;0;0m [38;2;0;0;0m [38;2;0;0;0m [38;2;0;0;0m [38;2;131;156;156m4[38;2;200;241;241mM[38;2;200;241;241mM[38;2;145;172;172m6[38;2;0;0;0m [38;2;0;0;0m [38;2;0;0;0m [38;2;0;0;0m [38;2;22;25;25m-[38;2;186;222;222mW[38;2;200;241;241mM[38;2;200;241;241mM[38;2;53;61;61mL[38;2;129;152;152m4[38;2;200;241;241mM[38;2;200;241;241mM[38;2;108;128;128m][38;2;1;1;1m [38;2;0;0;0m [38;2;0;0;0m [38;2;0;0;0m [38;2;0;0;0m [38;2;133;157;157m4[38;2;200;241;241mM[38;2;196;234;234mM[38;2;19;21;21m'[38;2;0;0;0m [38;2;0;0;0m [38;2;0;0;0m [38;2;0;0;0m [38;2;0;0;0m [38;2;0;0;0m [38;2;0;0;0m [38;2;0;0;0m [38;2;0;0;0m [38;2;0;0;0m [38;2;0;0;0m [38;2;0;0;0m [38;2;0;0;0m [38;2;0;0;0m [38;2;0;0;0m [38;2;2;2;2m [38;2;169;201;201mN[38;2;200;241;241mM[38;2;200;241;241mM[38;2;193;232;232mM[38;2;200;241;241mM[38;2;199;239;239mM[38;2;92;107;107mL[38;2;0;0;0m [38;2;0;0;0m [38;2;0;0;0m [38;2;0;0;0m [38;2;0;0;0m [38;2;0;0;0m [38;2;0;0;0m [38;2;0;0;0m [38;2;0;0;0m [38;2;5;6;6m [38;2;172;205;205m4[38;2;200;241;241mM[38;2;200;241;241mM[38;2;90;105;105mL[38;2;3;3;3m [38;2;0;0;0m [38;2;0;0;0m [38;2;98;116;116mJ[38;2;200;241;241mM[38;2;200;241;241mM[38;2;87;103;103m][38;2;0;0;0m [38;2;0;0;0m [38;2;133;158;158m4[38;2;200;241;241mM[38;2;200;241;241mM[38;2;143;170;170m5[38;2;0;0;0m [38;2;0;0;0m [38;2;0;0;0m [38;2;0;0;0m [38;2;23;26;26m-[38;2;186;223;223mW[38;2;200;241;241mM[38;2;200;241;241mM[38;2;51;59;59mL[38;2;0;0;0m [38;2;5;5;5m [38;2;147;175;175m4[38;2;200;241;241mM[38;2;198;238;238mM[38;2;65;75;75m)[38;2;179;214;214mW[38;2;200;241;241mM[38;2;200;241;241mM[38;2;168;202;202mM[38;2;50;56;56m_[38;2;187;224;224mN[38;2;200;241;241mM[38;2;157;187;187m$[38;2;1;1;1m [38;2;0;0;0m [38;2;1;1;1m [38;2;105;125;125m4[38;2;185;222;222mM[38;2;200;241;241mM[38;2;200;241;241mM[38;2;200;241;241mM[38;2;183;219;219mM[38;2;168;201;201mM[38;2;161;192;192mM[38;2;187;223;223mN[38;2;104;122;122m][38;2;0;0;0m [38;2;0;0;0m [38;2;0;0;0m [38;2;0;0;0m [38;2;0;0;0m [38;2;0;0;0m [38;2;0;0;0m [38;2;0;0;0m [38;2;0;0;0m [38;2;0;0;0m [38;2;0;0;0m [38;2;0;0;0m [38;2;0;0;0m [38;2;1;1;1m [38;2;97;113;113mJ[38;2;200;241;241mM[38;2;200;241;241mM[38;2;187;224;224mM[38;2;197;237;237mM[38;2;196;235;235mM[38;2;196;236;236mM[38;2;200;241;241mM[38;2;200;241;241mM[38;2;119;139;139mC[38;2;0;0;0m [38;2;0;0;0m [38;2;0;0;0m [38;2;0;0;0m [38;2;0;0;0m [38;2;0;0;0m [38;2;0;0;0m [38;2;0;0;0m [38;2;86;100;100mJ[38;2;200;241;241mM[38;2;200;241;241mM[38;2;92;108;108m][38;2;0;0;0m [38;2;0;0;0m [38;2;0;0;0m [38;2;0;0;0m [38;2;0;0;0m [38;2;0;0;0m [38;2;0;0;0m [38;2;0;0;0m [38;2;0;0;0m [38;2;0;0;0m [38;2;73;85;85mJ[38;2;200;241;241mM[38;2;200;241;241mM[38;2;105;123;123m][38;2;0;0;0m [38;2;0;0;0m [38;2;0;0;0m [38;2;0;0;0m [38;2;0;0;0m [38;2;0;0;0m [38;2;0;0;0m [38;2;9;10;10m [38;2;53;63;63m-[38;2;74;89;89m~[38;2;67;79;79m_[38;2;32;37;37m [38;2;1;1;1m [38;2;0;0;0m [38;2;0;0;0m [38;2;0;0;0m [38;2;0;0;0m [38;2;0;0;0m [38;2;0;0;0m [0m
[38;2;0;0;0m [38;2;0;0;0m [38;2;0;0;0m [38;2;0;0;0m [38;2;0;0;0m [38;2;112;133;133m4[38;2;200;241;241mM[38;2;200;241;241mM[38;2;200;241;241mM[38;2;200;241;241mM[38;2;200;241;241mM[38;2;200;241;241mM[38;2;200;241;241mM[38;2;142;168;168m%[38;2;9;10;10m'[38;2;0;0;0m [38;2;0;0;0m [38;2;0;0;0m [38;2;0;0;0m [38;2;111;132;132m4[38;2;200;241;241mM[38;2;200;241;241mM[38;2;177;211;211m$[38;2;15;16;16m.[38;2;0;0;0m [38;2;0;0;0m [38;2;0;0;0m [38;2;67;78;78m<[38;2;190;228;228mW[38;2;200;241;241mM[38;2;195;234;234mM[38;2;25;28;28m;[38;2;109;129;129m4[38;2;200;241;241mM[38;2;200;241;241mM[38;2;79;93;93mL[38;2;0;0;0m [38;2;0;0;0m [38;2;0;0;0m [38;2;0;0;0m [38;2;0;0;0m [38;2;115;134;134m4[38;2;200;241;241mM[38;2;194;231;231mM[38;2;19;21;21m'[38;2;0;0;0m [38;2;0;0;0m [38;2;0;0;0m [38;2;0;0;0m [38;2;0;0;0m [38;2;0;0;0m [38;2;0;0;0m [38;2;0;0;0m [38;2;0;0;0m [38;2;0;0;0m [38;2;0;0;0m [38;2;0;0;0m [38;2;0;0;0m [38;2;0;0;0m [38;2;0;0;0m [38;2;0;0;0m [38;2;128;151;151m4[38;2;200;241;241mM[38;2;199;239;239mM[38;2;147;176;176m$[38;2;69;81;81m_[38;2;159;190;190mW[38;2;197;237;237mM[38;2;131;155;155m8[38;2;27;31;31m.[38;2;0;0;0m [38;2;0;0;0m [38;2;0;0;0m [38;2;0;0;0m [38;2;0;0;0m [38;2;0;0;0m [38;2;0;0;0m [38;2;20;23;23m [38;2;178;213;213mN[38;2;200;241;241mM[38;2;182;217;217m$[38;2;13;14;14m:[38;2;0;0;0m [38;2;0;0;0m [38;2;0;0;0m [38;2;54;62;62m<[38;2;200;241;241mM[38;2;200;241;241mM[38;2;101;119;119m][38;2;0;0;0m [38;2;0;0;0m [38;2;113;134;134m4[38;2;200;241;241mM[38;2;200;241;241mM[38;2;176;210;210m$[38;2;14;16;16m.[38;2;0;0;0m [38;2;0;0;0m [38;2;1;1;1m [38;2;68;80;80m<[38;2;191;229;229mM[38;2;200;241;241mM[38;2;194;233;233mM[38;2;23;26;26m;[38;2;0;0;0m [38;2;0;0;0m [38;2;31;35;35m-[38;2;179;214;214mN[38;2;200;241;241mM[38;2;194;232;232mM[38;2;200;241;241mM[38;2;181;216;216mM[38;2;174;208;208mW[38;2;200;241;241mM[38;2;200;240;240mM[38;2;200;241;241mM[38;2;194;233;233mM[38;2;50;58;58mL[38;2;0;0;0m [38;2;0;0;0m [38;2;2;2;2m [38;2;99;117;117m4[38;2;137;163;163mM[38;2;121;143;143m|[38;2;92;107;107m-[38;2;111;132;132mT[38;2;155;186;186mW[38;2;196;236;236mM[38;2;200;241;241mM[38;2;200;241;241mM[38;2;187;224;224mM[38;2;27;31;31m;[38;2;0;0;0m [38;2;0;0;0m [38;2;0;0;0m [38;2;0;0;0m [38;2;0;0;0m [38;2;0;0;0m [38;2;0;0;0m [38;2;0;0;0m [38;2;0;0;0m [38;2;0;0;0m [38;2;0;0;0m [38;2;1;1;1m [38;2;109;128;128m4[38;2;199;240;240mM[38;2;200;241;241mM[38;2;189;227;227mM[38;2;142;169;169mM[38;2;58;68;68m;[38;2;6;6;6m [38;2;62;71;71mJ[38;2;200;240;240mM[38;2;200;241;241mM[38;2;116;136;136mC[38;2;16;18;18m [38;2;16;18;18m [38;2;0;0;0m [38;2;0;0;0m [38;2;0;0;0m [38;2;0;0;0m [38;2;0;0;0m [38;2;0;0;0m [38;2;79;91;91mJ[38;2;199;240;240mM[38;2;200;241;241mM[38;2;80;94;94mL[38;2;0;0;0m [38;2;0;0;0m [38;2;0;0;0m [38;2;0;0;0m [38;2;0;0;0m [38;2;0;0;0m [38;2;0;0;0m [38;2;0;0;0m [38;2;0;0;0m [38;2;0;0;0m [38;2;67;78;78mJ[38;2;198;238;238mW[38;2;200;241;241mM[38;2;93;109;109mL[38;2;0;0;0m [38;2;0;0;0m [38;2;0;0;0m [38;2;0;0;0m [38;2;0;0;0m [38;2;0;0;0m [38;2;42;49;49m<[38;2;184;220;220mW[38;2;200;241;241mM[38;2;200;241;241mM[38;2;200;241;241mM[38;2;199;240;240mM[38;2;123;146;146m5[38;2;1;1;1m [38;2;0;0;0m [38;2;0;0;0m [38;2;0;0;0m [38;2;0;0;0m [38;2;0;0;0m [0m
[38;2;0;0;0m [38;2;0;0;0m [38;2;0;0;0m [38;2;0;0;0m [38;2;3;4;4m [38;2;148;176;176m4[38;2;200;241;241mM[38;2;200;241;241mM[38;2;200;241;241mM[38;2;180;214;214mW[38;2;200;241;241mM[38;2;200;241;241mM[38;2;200;241;241mM[38;2;191;230;230mM[38;2;137;163;163m$[38;2;91;108;108mx[38;2;4;4;4m.[38;2;0;0;0m [38;2;0;0;0m [38;2;22;25;25m-[38;2;183;220;220mW[38;2;200;241;241mM[38;2;200;241;241mM[38;2;170;203;203mM[38;2;128;153;153m%[38;2;130;155;155m%[38;2;83;96;96mC[38;2;169;201;201m4[38;2;200;241;241mM[38;2;190;228;228mM[38;2;93;109;109m][38;2;0;1;1m [38;2;31;35;35m-[38;2;144;171;171mN[38;2;200;240;240mM[38;2;195;234;234mM[38;2;149;178;178mM[38;2;114;136;136m6[38;2;118;140;140mw[38;2;124;148;148m%[38;2;140;167;167mW[38;2;186;223;223mM[38;2;200;241;241mM[38;2;200;241;241mM[38;2;162;194;194m$[38;2;92;109;109m?[38;2;45;52;52mL[38;2;0;0;0m [38;2;0;0;0m [38;2;0;0;0m [38;2;0;0;0m [38;2;0;0;0m [38;2;0;0;0m [38;2;0;0;0m [38;2;0;0;0m [38;2;0;0;0m [38;2;0;0;0m [38;2;0;0;0m [38;2;3;3;3m [38;2;56;66;66m-[38;2;124;147;147m4[38;2;191;230;230mM[38;2;200;241;241mM[38;2;189;227;227mM[38;2;101;120;120mC[38;2;65;76;76mi[38;2;42;48;48m-[38;2;191;229;229mN[38;2;200;241;241mM[38;2;194;234;234mM[38;2;160;192;192mM[38;2;138;165;165mM[38;2;100;118;118mC[38;2;35;40;40m;[38;2;0;0;0m [38;2;0;0;0m [38;2;45;53;53m-[38;2;140;167;167mN[38;2;200;241;241mM[38;2;200;241;241mM[38;2;200;240;240mM[38;2;144;172;172m$[38;2;48;56;56m;[38;2;8;9;9m [38;2;53;62;62m-[38;2;140;167;167m4[38;2;200;241;241mM[38;2;200;241;241mM[38;2;159;189;189m$[38;2;62;73;73m;[38;2;4;5;5m [38;2;23;26;26m-[38;2;184;221;221mW[38;2;200;241;241mM[38;2;200;241;241mM[38;2;169;203;203mM[38;2;128;153;153m%[38;2;130;155;155m%[38;2;82;95;95m][38;2;171;203;203mN[38;2;200;241;241mM[38;2;190;228;228mM[38;2;91;108;108m][38;2;0;0;0m [38;2;0;0;0m [38;2;0;0;0m [38;2;0;0;0m [38;2;101;119;119m4[38;2;200;241;241mM[38;2;200;241;241mM[38;2;200;241;241mM[38;2;99;116;116m][38;2;38;44;44m~[38;2;195;234;234mW[38;2;200;241;241mM[38;2;200;241;241mM[38;2;85;99;99m][38;2;0;0;0m [38;2;0;0;0m [38;2;0;0;0m [38;2;28;33;33m~[38;2;198;238;238mM[38;2;200;241;241mM[38;2;200;241;241mM[38;2;191;229;229mM[38;2;90;106;106m][38;2;48;57;57m [38;2;158;188;188m4[38;2;200;241;241mM[38;2;200;241;241mM[38;2;199;240;240mM[38;2;44;50;50mL[38;2;0;0;0m [38;2;0;0;0m [38;2;0;0;0m [38;2;0;0;0m [38;2;0;0;0m [38;2;0;0;0m [38;2;0;0;0m [38;2;0;0;0m [38;2;0;0;0m [38;2;0;0;0m [38;2;0;0;0m [38;2;2;2;2m [38;2;156;185;185mN[38;2;200;241;241mM[38;2;200;241;241mM[38;2;162;194;194m$[38;2;72;85;85m"[38;2;35;40;40m [38;2;67;79;79m~[38;2;146;174;174mN[38;2;200;241;241mM[38;2;200;241;241mM[38;2;182;218;218mM[38;2;175;209;209mW[38;2;188;225;225mM[38;2;23;26;26m;[38;2;0;0;0m [38;2;42;50;50m [38;2;79;94;94m~[38;2;136;162;162mN[38;2;143;171;171mM[38;2;151;180;180mN[38;2;200;241;241mM[38;2;200;241;241mM[38;2;196;236;236mM[38;2;127;152;152m8[38;2;88;103;103m=[38;2;87;103;103m=[38;2;77;90;90m"[38;2;37;43;43m [38;2;1;2;2m [38;2;38;44;44m [38;2;78;93;93m~[38;2;131;156;156m4[38;2;146;174;174mM[38;2;146;174;174mN[38;2;200;241;241mM[38;2;200;241;241mM[38;2;198;238;238mM[38;2;133;158;158m$[38;2;88;104;104m=[38;2;87;103;103m=[38;2;79;92;92m"[38;2;40;46;46m`[38;2;2;2;2m [38;2;51;60;60m<[38;2;194;233;233mM[38;2;200;241;241mM[38;2;200;241;241mM[38;2;200;241;241mM[38;2;200;241;241mM[38;2;195;234;234mM[38;2;11;13;13m'[38;2;0;0;0m [38;2;0;0;0m [38;2;0;0;0m [38;2;0;0;0m [38;2;0;0;0m [0m
[38;2;0;0;0m [38;2;0;0;0m [38;2;0;0;0m [38;2;0;0;0m [38;2;60;70;70m~[38;2;185;221;221mN[38;2;200;241;241mM[38;2;183;219;219mM[38;2;112;133;133mC[38;2;97;115;115mJ[38;2;61;72;72m;[38;2;54;63;63m [38;2;79;93;93m~[38;2;129;155;155mN[38;2;149;177;177m4[38;2;200;240;240mM[38;2;150;178;178m$[38;2;4;4;4m [38;2;0;0;0m [38;2;0;0;0m [38;2;26;30;30m [38;2;103;122;122mJ[38;2;154;184;184mW[38;2;189;226;226mM[38;2;200;241;241mM[38;2;198;238;238mM[38;2;175;209;209mM[38;2;142;169;169m$[38;2;79;94;94mL[38;2;14;16;16m [38;2;0;0;0m [38;2;0;0;0m [38;2;0;0;0m [38;2;1;1;1m [38;2;74;87;87mJ[38;2;145;173;173mN[38;2;191;230;230mM[38;2;200;241;241mM[38;2;199;240;240mM[38;2;200;241;241mM[38;2;167;201;201mM[38;2;125;149;149m8[38;2;119;141;141m4[38;2;131;156;156m%[38;2;126;151;151mB[38;2;153;182;182mW[38;2;147;173;173m$[38;2;2;2;2m [38;2;0;0;0m [38;2;0;0;0m [38;2;0;0;0m [38;2;0;0;0m [38;2;0;0;0m [38;2;0;0;0m [38;2;0;0;0m [38;2;0;0;0m [38;2;0;0;0m [38;2;0;0;0m [38;2;1;1;1m [38;2;82;97;97mJ[38;2;172;205;205mW[38;2;177;211;211mM[38;2;188;226;226mM[38;2;175;210;210mM[38;2;162;194;194mM[38;2;123;145;145m6[38;2;89;105;105m?[38;2;104;124;124m1[38;2;116;138;138md[38;2;124;149;149mB[38;2;178;212;212mW[38;2;189;227;227mM[38;2;121;144;144m6[38;2;15;17;17m`[38;2;0;0;0m [38;2;35;40;40m<[38;2;186;223;223mW[38;2;191;230;230mM[38;2;192;230;230mM[38;2;186;224;224mM[38;2;167;199;199mM[38;2;151;181;181mW[38;2;131;156;156m$[38;2;50;57;57m~[38;2;181;217;217mW[38;2;191;230;230mM[38;2;196;235;235mM[38;2;196;236;236mM[38;2;190;228;228mM[38;2;133;157;157m6[38;2;3;4;4m [38;2;0;0;0m [38;2;27;31;31m [38;2;103;123;123mJ[38;2;154;184;184mW[38;2;189;227;227mM[38;2;200;241;241mM[38;2;198;238;238mM[38;2;174;208;208mM[38;2;141;168;168m$[38;2;79;93;93mL[38;2;14;16;16m [38;2;0;0;0m [38;2;0;0;0m [38;2;0;0;0m [38;2;0;0;0m [38;2;0;0;0m [38;2;10;11;11m [38;2;138;164;164m4[38;2;200;241;241mM[38;2;200;241;241mM[38;2;98;116;116m][38;2;1;1;1m [38;2;157;187;187m4[38;2;197;236;236mM[38;2;159;189;189m$[38;2;4;4;4m [38;2;0;0;0m [38;2;0;0;0m [38;2;0;0;0m [38;2;9;10;10m [38;2;155;184;184mN[38;2;163;195;195mM[38;2;152;182;182mW[38;2;182;218;218mM[38;2;192;230;230mM[38;2;173;207;207mM[38;2;179;213;213mM[38;2;176;211;211mM[38;2;153;183;183mM[38;2;81;95;95mL[38;2;1;1;1m [38;2;0;0;0m [38;2;0;0;0m [38;2;0;0;0m [38;2;0;0;0m [38;2;0;0;0m [38;2;0;0;0m [38;2;0;0;0m [38;2;0;0;0m [38;2;0;0;0m [38;2;0;0;0m [38;2;0;0;0m [38;2;0;0;0m [38;2;24;28;28m [38;2;125;149;149m4[38;2;185;222;222mM[38;2;200;241;241mM[38;2;200;241;241mM[38;2;200;241;241mM[38;2;198;238;238mM[38;2;165;198;198mM[38;2;148;177;177mW[38;2;186;223;223mM[38;2;197;237;237mM[38;2;170;203;203mM[38;2;97;115;115m][38;2;4;5;5m [38;2;1;1;1m [38;2;146;173;173mN[38;2;191;230;230mM[38;2;193;232;232mM[38;2;195;234;234mM[38;2;198;237;237mM[38;2;200;240;240mM[38;2;200;241;241mM[38;2;200;241;241mM[38;2;199;239;239mM[38;2;191;230;230mM[38;2;178;213;213mM[38;2;193;232;232mM[38;2;121;143;143mC[38;2;1;1;1m [38;2;135;160;160m4[38;2;191;230;230mM[38;2;193;232;232mM[38;2;195;234;234mM[38;2;197;237;237mM[38;2;200;240;240mM[38;2;200;241;241mM[38;2;200;241;241mM[38;2;199;240;240mM[38;2;192;231;231mM[38;2;179;214;214mM[38;2;191;230;230mM[38;2;133;158;158m5[38;2;1;1;1m [38;2;0;0;0m [38;2;21;24;24m [38;2;105;124;124mJ[38;2;182;218;218mM[38;2;200;241;241mM[38;2;193;231;231mM[38;2;110;130;130mC[38;2;1;1;1m [38;2;0;0;0m [38;2;0;0;0m [38;2;0;0;0m [38;2;0;0;0m [38;2;0;0;0m [0m
[38;2;0;0;0m [38;2;0;0;0m [38;2;0;0;0m [38;2;0;0;0m [38;2;137;162;162m4[38;2;200;241;241mM[38;2;200;241;241mM[38;2;100;117;117m][38;2;3;4;4m [38;2;0;0;0m [38;2;1;1;1m [38;2;0;0;0m [38;2;10;11;11m [38;2;11;12;12m [38;2;80;95;95m<[38;2;199;239;239mW[38;2;196;235;235mM[38;2;27;31;31m;[38;2;0;0;0m [38;2;0;0;0m [38;2;0;0;0m [38;2;0;0;0m [38;2;0;0;0m [38;2;3;4;4m [38;2;17;19;19m [38;2;11;13;13m [38;2;2;2;2m [38;2;0;0;0m [38;2;0;0;0m [38;2;0;0;0m [38;2;0;0;0m [38;2;0;0;0m [38;2;0;0;0m [38;2;0;0;0m [38;2;0;0;0m [38;2;0;0;0m [38;2;5;5;5m [38;2;18;21;21m [38;2;13;15;15m [38;2;27;32;32m [38;2;6;7;7m [38;2;0;0;0m [38;2;0;0;0m [38;2;0;0;0m [38;2;0;0;0m [38;2;0;0;0m [38;2;0;0;0m [38;2;0;0;0m [38;2;0;0;0m [38;2;0;0;0m [38;2;0;0;0m [38;2;0;0;0m [38;2;0;0;0m [38;2;0;0;0m [38;2;0;0;0m [38;2;0;0;0m [38;2;0;0;0m [38;2;0;0;0m [38;2;0;0;0m [38;2;0;0;0m [38;2;2;2;2m [38;2;8;9;9m [38;2;1;1;1m [38;2;0;0;0m [38;2;0;0;0m [38;2;0;0;0m [38;2;0;0;0m [38;2;0;0;0m [38;2;0;0;0m [38;2;0;0;0m [38;2;3;3;3m [38;2;6;7;7m [38;2;0;0;0m [38;2;0;0;0m [38;2;0;0;0m [38;2;0;0;0m [38;2;1;1;1m [38;2;3;3;3m [38;2;3;3;3m [38;2;1;1;1m [38;2;0;0;0m [38;2;0;0;0m [38;2;0;0;0m [38;2;0;0;0m [38;2;1;1;1m [38;2;3;3;3m [38;2;8;8;8m [38;2;8;9;9m [38;2;2;2;2m [38;2;0;0;0m [38;2;0;0;0m [38;2;0;0;0m [38;2;0;0;0m [38;2;0;0;0m [38;2;0;0;0m [38;2;4;4;4m [38;2;17;19;19m [38;2;11;13;13m [38;2;2;2;2m [38;2;0;0;0m [38;2;0;0;0m [38;2;0;0;0m [38;2;0;0;0m [38;2;0;0;0m [38;2;0;0;0m [38;2;0;0;0m [38;2;0;0;0m [38;2;0;0;0m [38;2;16;18;18m [38;2;66;78;78m-[38;2;82;98;98m"[38;2;36;42;42m.[38;2;0;0;0m [38;2;6;6;6m [38;2;9;9;9m [38;2;7;8;8m [38;2;0;0;0m [38;2;0;0;0m [38;2;0;0;0m [38;2;0;0;0m [38;2;0;0;0m [38;2;0;0;0m [38;2;0;0;0m [38;2;0;0;0m [38;2;1;1;1m [38;2;4;4;4m [38;2;0;0;0m [38;2;0;0;0m [38;2;0;0;0m [38;2;0;0;0m [38;2;0;0;0m [38;2;0;0;0m [38;2;0;0;0m [38;2;0;0;0m [38;2;0;0;0m [38;2;0;0;0m [38;2;0;0;0m [38;2;0;0;0m [38;2;0;0;0m [38;2;0;0;0m [38;2;0;0;0m [38;2;0;0;0m [38;2;0;0;0m [38;2;0;0;0m [38;2;0;0;0m [38;2;0;0;0m [38;2;3;3;3m [38;2;24;28;28m [38;2;42;50;50m [38;2;44;52;52m [38;2;17;19;19m [38;2;0;0;0m [38;2;0;0;0m [38;2;3;3;3m [38;2;9;10;10m [38;2;0;0;0m [38;2;0;0;0m [38;2;0;0;0m [38;2;0;0;0m [38;2;1;1;1m [38;2;3;3;3m [38;2;5;5;5m [38;2;7;8;8m [38;2;9;10;10m [38;2;12;14;14m [38;2;12;15;15m [38;2;13;15;15m [38;2;11;13;13m [38;2;3;3;3m [38;2;0;0;0m [38;2;33;37;37m.[38;2;2;2;2m [38;2;0;0;0m [38;2;0;0;0m [38;2;3;3;3m [38;2;5;5;5m [38;2;7;7;7m [38;2;9;10;10m [38;2;11;13;13m [38;2;12;15;15m [38;2;13;15;15m [38;2;12;14;14m [38;2;3;4;4m [38;2;0;0;0m [38;2;32;36;36m`[38;2;3;3;3m [38;2;0;0;0m [38;2;0;0;0m [38;2;0;0;0m [38;2;0;0;0m [38;2;3;3;3m [38;2;16;18;18m [38;2;7;7;7m [38;2;0;0;0m [38;2;0;0;0m [38;2;0;0;0m [38;2;0;0;0m [38;2;0;0;0m [38;2;0;0;0m [38;2;0;0;0m [0m
[38;2;0;0;0m [38;2;0;0;0m [38;2;0;0;0m [38;2;0;0;0m [38;2;26;30;30m-[38;2;143;171;171mN[38;2;197;237;237mM[38;2;200;241;241mM[38;2;184;220;220mM[38;2;161;193;193mM[38;2;186;223;223mM[38;2;170;203;203mM[38;2;192;230;230mM[38;2;191;229;229mM[38;2;198;238;238mM[38;2;167;199;199mM[38;2;61;71;71m;[38;2;0;0;0m [38;2;0;0;0m [38;2;0;0;0m [38;2;0;0;0m [38;2;0;0;0m [38;2;0;0;0m [38;2;0;0;0m [38;2;0;0;0m [38;2;0;0;0m [38;2;0;0;0m [38;2;0;0;0m [38;2;0;0;0m [38;2;0;0;0m [38;2;0;0;0m [38;2;0;0;0m [38;2;0;0;0m [38;2;0;0;0m [38;2;0;0;0m [38;2;0;0;0m [38;2;0;0;0m [38;2;0;0;0m [38;2;0;0;0m [38;2;0;0;0m [38;2;0;0;0m [38;2;0;0;0m [38;2;0;0;0m [38;2;0;0;0m [38;2;0;0;0m [38;2;0;0;0m [38;2;0;0;0m [38;2;0;0;0m [38;2;0;0;0m [38;2;0;0;0m [38;2;0;0;0m [38;2;0;0;0m [38;2;0;0;0m [38;2;0;0;0m [38;2;0;0;0m [38;2;0;0;0m [38;2;0;0;0m [38;2;0;0;0m [38;2;0;0;0m [38;2;0;0;0m [38;2;0;0;0m [38;2;0;0;0m [38;2;0;0;0m [38;2;0;0;0m [38;2;0;0;0m [38;2;0;0;0m [38;2;0;0;0m [38;2;0;0;0m [38;2;0;0;0m [38;2;0;0;0m [38;2;0;0;0m [38;2;0;0;0m [38;2;0;0;0m [38;2;0;0;0m [38;2;0;0;0m [38;2;0;0;0m [38;2;0;0;0m [38;2;0;0;0m [38;2;0;0;0m [38;2;0;0;0m [38;2;0;0;0m [38;2;0;0;0m [38;2;0;0;0m [38;2;0;0;0m [38;2;0;0;0m [38;2;0;0;0m [38;2;0;0;0m [38;2;0;0;0m [38;2;0;0;0m [38;2;0;0;0m [38;2;0;0;0m [38;2;0;0;0m [38;2;0;0;0m [38;2;0;0;0m [38;2;0;0;0m [38;2;0;0;0m [38;2;0;0;0m [38;2;0;0;0m [38;2;0;0;0m [38;2;0;0;0m [38;2;0;0;0m [38;2;0;0;0m [38;2;0;0;0m [38;2;0;0;0m [38;2;0;0;0m [38;2;0;0;0m [38;2;0;0;0m [38;2;0;0;0m [38;2;0;0;0m [38;2;0;0;0m [38;2;0;0;0m [38;2;0;0;0m [38;2;0;0;0m [38;2;0;0;0m [38;2;0;0;0m [38;2;0;0;0m [38;2;0;0;0m [38;2;0;0;0m [38;2;0;0;0m [38;2;0;0;0m [38;2;0;0;0m [38;2;0;0;0m [38;2;0;0;0m [38;2;0;0;0m [38;2;0;0;0m [38;2;0;0;0m [38;2;0;0;0m [38;2;0;0;0m [38;2;0;0;0m [38;2;0;0;0m [38;2;0;0;0m [38;2;0;0;0m [38;2;0;0;0m [38;2;0;0;0m [38;2;0;0;0m [38;2;0;0;0m [38;2;0;0;0m [38;2;0;0;0m [38;2;0;0;0m [38;2;0;0;0m [38;2;0;0;0m [38;2;0;0;0m [38;2;0;0;0m [38;2;0;0;0m [38;2;0;0;0m [38;2;0;0;0m [38;2;0;0;0m [38;2;0;0;0m [38;2;0;0;0m [38;2;0;0;0m [38;2;0;0;0m [38;2;0;0;0m [38;2;0;0;0m [38;2;0;0;0m [38;2;0;0;0m [38;2;0;0;0m [38;2;0;0;0m [38;2;0;0;0m [38;2;0;0;0m [38;2;0;0;0m [38;2;0;0;0m [38;2;0;0;0m [38;2;0;0;0m [38;2;0;0;0m [38;2;0;0;0m [38;2;0;0;0m [38;2;0;0;0m [38;2;0;0;0m [38;2;0;0;0m [38;2;0;0;0m [38;2;0;0;0m [38;2;0;0;0m [38;2;0;0;0m [38;2;0;0;0m [38;2;0;0;0m [38;2;0;0;0m [38;2;0;0;0m [38;2;0;0;0m [38;2;0;0;0m [38;2;0;0;0m [38;2;0;0;0m [38;2;0;0;0m [38;2;0;0;0m [38;2;0;0;0m [38;2;0;0;0m [38;2;0;0;0m [38;2;0;0;0m [38;2;0;0;0m [38;2;0;0;0m [38;2;0;0;0m [38;2;0;0;0m [38;2;0;0;0m [38;2;0;0;0m [38;2;0;0;0m [38;2;0;0;0m [38;2;0;0;0m [38;2;0;0;0m [38;2;0;0;0m [38;2;0;0;0m [38;2;0;0;0m [0m
[38;2;0;0;0m [38;2;0;0;0m [38;2;0;0;0m [38;2;0;0;0m [38;2;0;0;0m [38;2;0;0;0m [38;2;13;14;14m [38;2;43;50;50m [38;2;63;75;75m`[38;2;57;67;67m.[38;2;61;73;73m`[38;2;56;66;66m`[38;2;40;47;47m [38;2;23;27;27m [38;2;11;12;12m [38;2;2;3;3m [38;2;0;0;0m [38;2;0;0;0m [38;2;0;0;0m [38;2;0;0;0m [38;2;0;0;0m [38;2;0;0;0m [38;2;0;0;0m [38;2;0;0;0m [38;2;0;0;0m [38;2;0;0;0m [38;2;0;0;0m [38;2;0;0;0m [38;2;0;0;0m [38;2;0;0;0m [38;2;0;0;0m [38;2;0;0;0m [38;2;0;0;0m [38;2;0;0;0m [38;2;0;0;0m [38;2;0;0;0m [38;2;0;0;0m [38;2;0;0;0m [38;2;0;0;0m [38;2;0;0;0m [38;2;0;0;0m [38;2;0;0;0m [38;2;0;0;0m [38;2;0;0;0m [38;2;0;0;0m [38;2;0;0;0m [38;2;0;0;0m [38;2;0;0;0m [38;2;0;0;0m [38;2;0;0;0m [38;2;0;0;0m [38;2;0;0;0m [38;2;0;0;0m [38;2;0;0;0m [38;2;0;0;0m [38;2;0;0;0m [38;2;0;0;0m [38;2;0;0;0m [38;2;0;0;0m [38;2;0;0;0m [38;2;0;0;0m [38;2;0;0;0m [38;2;0;0;0m [38;2;0;0;0m [38;2;0;0;0m [38;2;0;0;0m [38;2;0;0;0m [38;2;0;0;0m [38;2;0;0;0m [38;2;0;0;0m [38;2;0;0;0m [38;2;0;0;0m [38;2;0;0;0m [38;2;0;0;0m [38;2;0;0;0m [38;2;0;0;0m [38;2;0;0;0m [38;2;0;0;0m [38;2;0;0;0m [38;2;0;0;0m [38;2;0;0;0m [38;2;0;0;0m [38;2;0;0;0m [38;2;0;0;0m [38;2;0;0;0m [38;2;0;0;0m [38;2;0;0;0m [38;2;0;0;0m [38;2;0;0;0m [38;2;0;0;0m [38;2;0;0;0m [38;2;0;0;0m [38;2;0;0;0m [38;2;0;0;0m [38;2;0;0;0m [38;2;0;0;0m [38;2;0;0;0m [38;2;0;0;0m [38;2;0;0;0m [38;2;0;0;0m [38;2;0;0;0m [38;2;0;0;0m [38;2;0;0;0m [38;2;0;0;0m [38;2;0;0;0m [38;2;0;0;0m [38;2;0;0;0m [38;2;0;0;0m [38;2;0;0;0m [38;2;0;0;0m [38;2;0;0;0m [38;2;0;0;0m [38;2;0;0;0m [38;2;0;0;0m [38;2;0;0;0m [38;2;0;0;0m [38;2;0;0;0m [38;2;0;0;0m [38;2;0;0;0m [38;2;0;0;0m [38;2;0;0;0m [38;2;0;0;0m [38;2;0;0;0m [38;2;0;0;0m [38;2;0;0;0m [38;2;0;0;0m [38;2;0;0;0m [38;2;0;0;0m [38;2;0;0;0m [38;2;0;0;0m [38;2;0;0;0m [38;2;0;0;0m [38;2;0;0;0m [38;2;0;0;0m [38;2;0;0;0m [38;2;0;0;0m [38;2;0;0;0m [38;2;0;0;0m [38;2;0;0;0m [38;2;0;0;0m [38;2;0;0;0m [38;2;0;0;0m [38;2;0;0;0m [38;2;0;0;0m [38;2;0;0;0m [38;2;0;0;0m [38;2;0;0;0m [38;2;0;0;0m [38;2;0;0;0m [38;2;0;0;0m [38;2;0;0;0m [38;2;0;0;0m [38;2;0;0;0m [38;2;0;0;0m [38;2;0;0;0m [38;2;0;0;0m [38;2;0;0;0m [38;2;0;0;0m [38;2;0;0;0m [38;2;0;0;0m [38;2;0;0;0m [38;2;0;0;0m [38;2;0;0;0m [38;2;0;0;0m [38;2;0;0;0m [38;2;0;0;0m [38;2;0;0;0m [38;2;0;0;0m [38;2;0;0;0m [38;2;0;0;0m [38;2;0;0;0m [38;2;0;0;0m [38;2;0;0;0m [38;2;0;0;0m [38;2;0;0;0m [38;2;0;0;0m [38;2;0;0;0m [38;2;0;0;0m [38;2;0;0;0m [38;2;0;0;0m [38;2;0;0;0m [38;2;0;0;0m [38;2;0;0;0m [38;2;0;0;0m [38;2;0;0;0m [38;2;0;0;0m [38;2;0;0;0m [38;2;0;0;0m [38;2;0;0;0m [38;2;0;0;0m [38;2;0;0;0m [38;2;0;0;0m [38;2;0;0;0m [38;2;0;0;0m [38;2;0;0;0m [38;2;0;0;0m [38;2;0;0;0m [38;2;0;0;0m [38;2;0;0;0m [38;2;0;0;0m [0m
[38;2;0;0;0m [38;2;0;0;0m [38;2;0;0;0m [38;2;0;0;0m [38;2;0;0;0m [38;2;0;0;0m [38;2;0;0;0m [38;2;0;0;0m [38;2;0;0;0m [38;2;0;0;0m [38;2;0;0;0m [38;2;0;0;0m [38;2;0;0;0m [38;2;0;0;0m [38;2;0;0;0m [38;2;0;0;0m [38;2;0;0;0m [38;2;0;0;0m [38;2;0;0;0m [38;2;0;0;0m [38;2;0;0;0m [38;2;0;0;0m [38;2;0;0;0m [38;2;0;0;0m [38;2;0;0;0m [38;2;0;0;0m [38;2;0;0;0m [38;2;0;0;0m [38;2;0;0;0m [38;2;0;0;0m [38;2;0;0;0m [38;2;0;0;0m [38;2;0;0;0m [38;2;0;0;0m [38;2;0;0;0m [38;2;0;0;0m [38;2;0;0;0m [38;2;0;0;0m [38;2;0;0;0m [38;2;0;0;0m [38;2;0;0;0m [38;2;0;0;0m [38;2;0;0;0m [38;2;0;0;0m [38;2;0;0;0m [38;2;0;0;0m [38;2;0;0;0m [38;2;0;0;0m [38;2;0;0;0m [38;2;0;0;0m [38;2;0;0;0m [38;2;0;0;0m [38;2;0;0;0m [38;2;0;0;0m [38;2;0;0;0m [38;2;0;0;0m [38;2;0;0;0m [38;2;0;0;0m [38;2;0;0;0m [38;2;0;0;0m [38;2;0;0;0m [38;2;0;0;0m [38;2;0;0;0m [38;2;0;0;0m [38;2;0;0;0m [38;2;0;0;0m [38;2;0;0;0m [38;2;0;0;0m [38;2;0;0;0m [38;2;0;0;0m [38;2;0;0;0m [38;2;0;0;0m [38;2;0;0;0m [38;2;0;0;0m [38;2;0;0;0m [38;2;0;0;0m [38;2;0;0;0m [38;2;0;0;0m [38;2;0;0;0m [38;2;0;0;0m [38;2;0;0;0m [38;2;0;0;0m [38;2;0;0;0m [38;2;0;0;0m [38;2;0;0;0m [38;2;0;0;0m [38;2;0;0;0m [38;2;0;0;0m [38;2;0;0;0m [38;2;0;0;0m [38;2;0;0;0m [38;2;0;0;0m [38;2;0;0;0m [38;2;0;0;0m [38;2;0;0;0m [38;2;0;0;0m [38;2;0;0;0m [38;2;0;0;0m [38;2;0;0;0m [38;2;0;0;0m [38;2;0;0;0m [38;2;0;0;0m [38;2;0;0;0m [38;2;0;0;0m [38;2;0;0;0m [38;2;0;0;0m [38;2;0;0;0m [38;2;0;0;0m [38;2;0;0;0m [38;2;0;0;0m [38;2;0;0;0m [38;2;0;0;0m [38;2;0;0;0m [38;2;0;0;0m [38;2;0;0;0m [38;2;0;0;0m [38;2;0;0;0m [38;2;0;0;0m [38;2;0;0;0m [38;2;0;0;0m [38;2;0;0;0m [38;2;0;0;0m [38;2;0;0;0m [38;2;0;0;0m [38;2;0;0;0m [38;2;0;0;0m [38;2;0;0;0m [38;2;0;0;0m [38;2;0;0;0m [38;2;0;0;0m [38;2;0;0;0m [38;2;0;0;0m [38;2;0;0;0m [38;2;0;0;0m [38;2;0;0;0m [38;2;0;0;0m [38;2;0;0;0m [38;2;0;0;0m [38;2;0;0;0m [38;2;0;0;0m [38;2;0;0;0m [38;2;0;0;0m [38;2;0;0;0m [38;2;0;0;0m [38;2;0;0;0m [38;2;0;0;0m [38;2;0;0;0m [38;2;0;0;0m [38;2;0;0;0m [38;2;0;0;0m [38;2;0;0;0m [38;2;0;0;0m [38;2;0;0;0m [38;2;0;0;0m [38;2;0;0;0m [38;2;0;0;0m [38;2;0;0;0m [38;2;0;0;0m [38;2;0;0;0m [38;2;0;0;0m [38;2;0;0;0m [38;2;0;0;0m [38;2;0;0;0m [38;2;0;0;0m [38;2;0;0;0m [38;2;0;0;0m [38;2;0;0;0m [38;2;0;0;0m [38;2;0;0;0m [38;2;0;0;0m [38;2;0;0;0m [38;2;0;0;0m [38;2;0;0;0m [38;2;0;0;0m [38;2;0;0;0m [38;2;0;0;0m [38;2;0;0;0m [38;2;0;0;0m [38;2;0;0;0m [38;2;0;0;0m [38;2;0;0;0m [38;2;0;0;0m [38;2;0;0;0m [38;2;0;0;0m [38;2;0;0;0m [38;2;0;0;0m [38;2;0;0;0m [38;2;0;0;0m [38;2;0;0;0m [38;2;0;0;0m [38;2;0;0;0m [38;2;0;0;0m [38;2;0;0;0m [38;2;0;0;0m [38;2;0;0;0m [38;2;0;0;0m [38;2;0;0;0m [38;2;0;0;0m [38;2;0;0;0m [38;2;0;0;0m [0m
[38;2;0;0;0m [38;2;0;0;0m [38;2;0;0;0m [38;2;0;0;0m [38;2;0;0;0m [38;2;0;0;0m [38;2;0;0;0m [38;2;0;0;0m [38;2;0;0;0m [38;2;0;0;0m [38;2;0;0;0m [38;2;0;0;0m [38;2;0;0;0m [38;2;0;0;0m [38;2;0;0;0m [38;2;0;0;0m [38;2;0;0;0m [38;2;0;0;0m [38;2;0;0;0m [38;2;0;0;0m [38;2;0;0;0m [38;2;0;0;0m [38;2;0;0;0m [38;2;0;0;0m [38;2;0;0;0m [38;2;0;0;0m [38;2;0;0;0m [38;2;0;0;0m [38;2;0;0;0m [38;2;0;0;0m [38;2;0;0;0m [38;2;0;0;0m [38;2;0;0;0m [38;2;0;0;0m [38;2;0;0;0m [38;2;0;0;0m [38;2;0;0;0m [38;2;0;0;0m [38;2;0;0;0m [38;2;0;0;0m [38;2;0;0;0m [38;2;0;0;0m [38;2;0;0;0m [38;2;0;0;0m [38;2;0;0;0m [38;2;0;0;0m [38;2;0;0;0m [38;2;0;0;0m [38;2;0;0;0m [38;2;0;0;0m [38;2;0;0;0m [38;2;0;0;0m [38;2;0;0;0m [38;2;0;0;0m [38;2;0;0;0m [38;2;0;0;0m [38;2;0;0;0m [38;2;0;0;0m [38;2;0;0;0m [38;2;0;0;0m [38;2;0;0;0m [38;2;0;0;0m [38;2;0;0;0m [38;2;0;0;0m [38;2;0;0;0m [38;2;0;0;0m [38;2;0;0;0m [38;2;0;0;0m [38;2;0;0;0m [38;2;0;0;0m [38;2;0;0;0m [38;2;0;0;0m [38;2;0;0;0m [38;2;0;0;0m [38;2;0;0;0m [38;2;0;0;0m [38;2;0;0;0m [38;2;0;0;0m [38;2;0;0;0m [38;2;0;0;0m [38;2;0;0;0m [38;2;0;0;0m [38;2;0;0;0m [38;2;0;0;0m [38;2;0;0;0m [38;2;0;0;0m [38;2;0;0;0m [38;2;0;0;0m [38;2;0;0;0m [38;2;0;0;0m [38;2;0;0;0m [38;2;0;0;0m [38;2;0;0;0m [38;2;0;0;0m [38;2;0;0;0m [38;2;0;0;0m [38;2;0;0;0m [38;2;0;0;0m [38;2;0;0;0m [38;2;0;0;0m [38;2;0;0;0m [38;2;0;0;0m [38;2;0;0;0m [38;2;0;0;0m [38;2;0;0;0m [38;2;0;0;0m [38;2;0;0;0m [38;2;0;0;0m [38;2;0;0;0m [38;2;0;0;0m [38;2;0;0;0m [38;2;0;0;0m [38;2;0;0;0m [38;2;0;0;0m [38;2;0;0;0m [38;2;0;0;0m [38;2;0;0;0m [38;2;0;0;0m [38;2;0;0;0m [38;2;0;0;0m [38;2;0;0;0m [38;2;0;0;0m [38;2;0;0;0m [38;2;0;0;0m [38;2;0;0;0m [38;2;0;0;0m [38;2;0;0;0m [38;2;0;0;0m [38;2;0;0;0m [38;2;0;0;0m [38;2;0;0;0m [38;2;0;0;0m [38;2;0;0;0m [38;2;0;0;0m [38;2;0;0;0m [38;2;0;0;0m [38;2;0;0;0m [38;2;0;0;0m [38;2;0;0;0m [38;2;0;0;0m [38;2;0;0;0m [38;2;0;0;0m [38;2;0;0;0m [38;2;0;0;0m [38;2;0;0;0m [38;2;0;0;0m [38;2;0;0;0m [38;2;0;0;0m [38;2;0;0;0m [38;2;0;0;0m [38;2;0;0;0m [38;2;0;0;0m [38;2;0;0;0m [38;2;0;0;0m [38;2;0;0;0m [38;2;0;0;0m [38;2;0;0;0m [38;2;0;0;0m [38;2;0;0;0m [38;2;0;0;0m [38;2;0;0;0m [38;2;0;0;0m [38;2;0;0;0m [38;2;0;0;0m [38;2;0;0;0m [38;2;0;0;0m [38;2;0;0;0m [38;2;0;0;0m [38;2;0;0;0m [38;2;0;0;0m [38;2;0;0;0m [38;2;0;0;0m [38;2;0;0;0m [38;2;0;0;0m [38;2;0;0;0m [38;2;0;0;0m [38;2;0;0;0m [38;2;0;0;0m [38;2;0;0;0m [38;2;0;0;0m [38;2;0;0;0m [38;2;0;0;0m [38;2;0;0;0m [38;2;0;0;0m [38;2;0;0;0m [38;2;0;0;0m [38;2;0;0;0m [38;2;0;0;0m [38;2;0;0;0m [38;2;0;0;0m [38;2;0;0;0m [38;2;0;0;0m [38;2;0;0;0m [38;2;0;0;0m [38;2;0;0;0m [38;2;0;0;0m [38;2;0;0;0m [38;2;0;0;0m [38;2;0;0;0m [38;2;0;0;0m [0m
